50

4 5
4 7
1 7

16 12
94 12
94 36

596516650 189641422
596516650 23000073
428685712 23000073

478160381 19632786
783368691 19632786
478160381 102520060

304089172 222688882
365180541 222688882
304089172 540383427

35005212 162170322
14660871 521595369
35005212 521595369

278722862 861021531
336465783 861021531
336465783 233665123

145174068 395870394
85295453 468703136
145174068 468703136

106596977 490175108
315634023 490175108
106596977 635723059

28561071 54145816
59961394 54145816
28561071 89018457

72427041 607790171
72427041 653377374
131176230 653377374

517747628 459797248
608413785 756898538
608413785 459797248

80978201 38664371
149798316 38664371
149798316 30146042

412776092 424268981
412776092 324972892
260655588 324972892

137806863 6499768
18258955 42999171
137806863 42999171

402370166 54496881
511702306 54496881
402370166 84420926

572660337 159126506
233090509 41356669
233090509 159126506

100661314 433925858
34341670 84353895
100661314 84353895

119259648 1100546
939819583 1100546
939819583 865691

610515435 585990365
153313173 585990365
153313173 174323385

467946188 107813133
477171088 356426809
467946188 356426809

491705403 709393585
780695789 499715481
491705403 499715481

752392755 314870260
549214422 314870260
752392755 474612400

120848385 296223274
411549677 296223274
411549677 843993369

0 1
1 0
0 0

2 0
2 1
6 0

49 2
68 2
49 0

35060062 603570493
330573318 56690263
35060062 56690263

959997302 107649160
402724286 107649160
402724286 485560281

169274578 158487239
194953866 158487239
194953866 894429690

221558441 270744730
177724267 8639737
177724267 270744730

114738098 7905772
92977305 7905772
92977305 690387

610120710 498777856
21583857 498777856
610120710 791698928

72075088 524872354
72075088 522532257
255179498 524872354

82950912 192099256
269455307 192099256
269455307 703964684

160051529 40332872
112805732 40332872
160051529 31061285

199620254 26773308
199620254 515530020
378409504 26773308

409959709 4297113
143347213 77486716
143347213 4297113

113403633 168002245
200747797 289700724
200747797 168002245

150122847 439493452
90155839 439493452
90155839 2269747

231192380 338888228
111537764 622597489
111537764 338888228

141527089 438792351
141527089 269441500
147469842 269441500

142757035 116087765
142757035 39237149
13628669 39237149

8936988 387346491
6321447 982275857
8936988 982275857

209098719 841148366
350322228 841148366
209098719 77985204

473165004 186452552
771151433 186452552
771151433 39636468

476153276 213975408
187594922 213975408
476153276 128448265

585567170 130794396
653468859 130794396
585567170 53539693

605908236 350573794
605908236 203599252
76065818 203599252

0 1
1 1
1 0
